3 0.214044 0.272926 0.137056 0.187773
3 0.456007 0.466157 0.137056 0.189956
3 0.731810 0.661572 0.140440 0.196507
3 0.134518 0.420306 0.123519 0.189956
3 0.373942 0.344978 0.131980 0.165939
3 0.608291 0.330786 0.123519 0.168122
3 0.503384 0.257642 0.150592 0.174672
3 0.637056 0.164847 0.120135 0.155022
3 0.889171 0.628821 0.153976 0.170306
3 0.743655 0.852620 0.137056 0.185590
3 0.590525 0.600437 0.155668 0.165939
3 0.821489 0.412664 0.143824 0.161572
3 0.730964 0.487991 0.131980 0.172489
3 0.386633 0.589520 0.123519 0.187773
3 0.284264 0.429039 0.152284 0.163755
