4 0.608916 0.481293 0.118510 0.193878
4 0.798533 0.449830 0.123025 0.185374
4 0.795147 0.665816 0.120767 0.192177
4 0.671558 0.603741 0.108352 0.153061
4 0.311512 0.642857 0.128668 0.187075
4 0.392212 0.511054 0.118510 0.185374
4 0.493792 0.425170 0.145598 0.193878
4 0.623589 0.188776 0.116253 0.200680
4 0.755643 0.311224 0.098194 0.159864
4 0.114560 0.702381 0.111738 0.149660
4 0.191309 0.792517 0.102709 0.166667
4 0.417043 0.665816 0.100451 0.161565
4 0.498307 0.715986 0.084650 0.105442
4 0.559819 0.663265 0.079007 0.125850
4 0.286682 0.484694 0.142212 0.176871
4 0.478555 0.288265 0.103837 0.144558
4 0.867381 0.539116 0.113995 0.180272
