4 0.300705 0.612150 0.114638 0.233645
4 0.385362 0.420561 0.111111 0.199377
4 0.268078 0.291277 0.119929 0.165109
4 0.435626 0.244548 0.123457 0.177570
4 0.715168 0.509346 0.104056 0.177570
4 0.646384 0.629283 0.104056 0.186916
4 0.544974 0.638629 0.098765 0.174455
4 0.463845 0.757009 0.109347 0.224299
4 0.238977 0.883178 0.107584 0.196262
4 0.468254 0.545171 0.104056 0.174455
4 0.195767 0.595016 0.109347 0.224299
4 0.762787 0.654206 0.104056 0.186916
4 0.858025 0.609034 0.114638 0.171340
4 0.586420 0.767913 0.128748 0.183801
